1072911593
256558388
180698318
201019198
534649695
1588784435
409149677
1507582593
449659043
461383022
552026705
145905557
46768644
399747743
754400498
227475943
475605027
201938758
194895440
677953862
264254169
528977978
293207674
204951239
48408396770
283655834
652099177
4325598067
47383603961
54851068674
12530441505
11521315742
214690240
210519773
279253624
47189497
233960966
1379009931
1940126992
264489780
7960455184
45301445
4219358992
38713923797
673884516
214485159
178363037
2137564606
6653502808
2051350716
408025196
511098787
31939240297
1621407823
40535855606
625867704
23110334
732060170
327119280
301997339
11681688256
630925910
198801549
271681931
29717512
246723184
214984467
